5305271615519466365
5308039726236706728
5307566326351404399
5307675027678700258
5307709112539161598
5307721877181965310
5305660662247072357
5305693381307933629
5305745998952276435
5307513730181898387
5305311189348131797
5307816241908424000
5308009128889689341
5307884145341375366
5305355152633373114
5307984669050937481
5307662469194327226
5307909769116261947
5307814760144706748
5305452738585305055
5308050029863248303
5305531340781789969
5305746381204365711
5305782063792661513
5307531270828336220
5305426719673426676
5305462101614011471
5308012384474898515
5307553514463962743
5308050077107887617
5307683222476301314
5307636832534536685
5307898615086194747
5307894831220007231
5305792268634956099
5307505685708153410
5307839099724374862
5307903004542771998
5307849837142614708
5307637751657537696
5307581895607853589
5307949050887153236
5307988328363073977
5307744795127456616
5305277774502567788
5307674215929881104
5305472293571404443
5305687763490712957
5307625601195057723
5305354967949779816
5305383104280536120
5305738027492976994
5305317309676528659
5305647051495711303
5307543017563889982
5305597917069845379
5307563646291812413
5307692813138272156
5305712833214816820
5307496425758662227