5307527744660185142
5305377602427430270
5307682277583496713
5305401319236838427
5307755541135630012
5307728787784343250
5307961252889239795
5307540758411091255
5305704999194470553
5307524179837328893
5307815709332479628
5305305644545352513
5307637515434335842
5307614769287537265
5305565099224737080
5307829874134622637
5307705105334672897
5307797094944219669
5307862460051496669
5307646861283173180
5305648756597728501
5305355101093765779
5305272208224952972
5307518982926900930
5305412129669522185
5305298789777547920
5305416381687145366
5307720704655892783
5305670832729629187
5308038867243246127
5307857602443486145
5305258395610128111
5307512278482952189
5305361337386279902
5307556190228586532
5307545182227406346
5307870861007527789
5307930930420129164
5307555838041269190
5307901767592188949
5308018345889507017
5307518188357950289
5305718940658311463
5307542854355132843
5307737523747823756
5307907479898694935
5305719885551116549
5307495210282917807
5308019870602894090
5307775405359375332
5307839709609730475
5307990097889600159
5307607403418627314
5307949231275777392
5307638550521455041
5307585967236849892
5307535926572882959
5307893559909687007
5307837364557587933
5305433170714304839