5307829908494360152
5310021187923877522
5307750198196312998
5309873423869027226
5307825076656152170
5310031835147804087
5309873531243209435
5310168440877621406
5310274487915126976
5310138839963017368
5307827756715745378
5307820442386440652
5309756051002762938
5310009578627278214
5307908446266335318
5309765925132575206
5309878659434160615
5310171597678584424
5307791653220656447
5309990461727842437
5309753959353688445
5310223343444567080
5310301881216540776
5310213331875799259
5310046231878180571
5307629711478759139
5309774987513571032
5310266958837457048
5309982258340306035
5310045338524983311
5310275892369433747
5309829460583785418
5309963953189692184
5307952207688114077
5309830530030640995
5309891960947875609
5310085526533973367
5309945983046525475
5310090637545054943
5307602979602308638
5310088271018073776
5308052950441009048
5310131590058221514
5309835005386566107
5310140772698301077
5309981506721030535
5309745030116679332
5309750574919458628
5309925002131283985
5309972040613110562
5307748226806326242
5309835318919175864
5309850823751113851
5308054874586357320
5309963549462767391
5310097891744818385
5310225886065205902
5307601420529180734
5309780227373670041
5307639894846218190