5310014870026984404
5309773342541094701
5310171052217736923
5310224717834101832
5309796921911550971
5310275050555843587
5310263243690745705
5309863700063068766
5309894159971131912
5309904506547347201
5307816130239274212
5310116995759350354
5310036039920787818
5310020131361924443
5309804502528827105
5310263329590092050
5307963589351449263
5310262517841273870
5309883538517008646
5309971714195595763
5310187647971369693
5310076966664149522
5310205802798129093
5309946116190511653
5310253506999885152
5309802973520469674
5310114362944397811
5310208706196021310
5310206511467733282
5307780430471111208
5309821617973502320
5310303380160128424
5309767183557991643
5310258630895871047
5310207147122892109
5310133131951480465
5309821905736311322
5310306494011417634
5309951472014729148
5309993249161618241
5308028357458273253
5309827974525100292
5310213963235991234
5309907508729487206
5310231310608900784
5309868854023824106
5310051037946585830
5310047511778436699
5309969162985021736
5309996577761271508
5307785043265988269
5307678334803517095
5309851983392284769
5307846972399427756
5307712814800969705
5309852073586598128
5310277773565107959
5309846915330876295
5310203990321931318
5309806121731498279