5307619961902997082
5309841009750844258
5310074930849652318
5310095666951756769
5307545869422173474
5309897351131834834
5309770280229414938
5309883740380470979
5309878337311613045
5309913732137098918
5310208418433212705
5309858636296627765
5309854358509199508
5310000756764451591
5307657036060697088
5310260731134878337
5309978418639543527
5307493694159461985
5310272233057296675
5309774661096056234
5309880188442516475
5310267573017781873
5310206988209104172
5310031659054145256
5310147283868720787
5310066435404341117
5309749230594695861
5309864516106855847
5309790543885116637
5309911554588680255
5309920007084318910
5310229145945382776
5309936731686970331
5307582144715955709
5310267890845360061
5310252776855446256
5309773295296455528
5310213005458284420
5310001070297064339
5310181819700748590
5310210969643786289
5310172048650151168
5310099059975922777
5309902337588864229
5310243207668309778
5309916639829959971
5310173414449749104
5309852404299080068
5310090001889894976
5310250629371797797
5309784603945345334
5309920823128104915
5307687478788890611
5310007182035525045
5309754427505124046
5309874218437976383
5309876189827964963
5310020294570680926
5307554437881930618
5310189679490900190