5310251780423032576
5310289709279224452
5309927454557609885
5309918456601124494
5310259077572468884
5307933919717367650
5309808492553445738
5310111652820033885
5307979794263056583
5309907925341314532
5309997703042704581
5310104291246086906
5310063501941677789
5310017700410433022
5310298410882966678
5309825650947793957
5309946876399723239
5309935490441419600
5307575173984035582
5309974076427607669
5309934824721491098
5309871147536359547
5307712252160254166
5308048758552928622
5307694140283166770
5310251179127611756
5307844674591925547
5310148769927406757
5310014157062413969
5310188695943389272
5310034278984196424
5307537382566797272
5310282790086910211
5309806796041363435
5310106146671960437
5310210570211827876
5309902371948601798
5310151737749808696
5309937122528994560
5309932715892548134
5309754839821982879
5309775094887752374
5310286071441925196
5309788181653102256
5309764941585063921
5310203693969185945
5309780253143476124
5310074892194947027
5307995750066561626
5310136619464924258
5310182541255254171
5309909213831504702
5310104583303864711
5309871018687339693
5307877608401150753
5310301490374518254
5308011203358891407
5310011275139358995
5309820114734948920
5310100219617091651