5310122115360366880
5309986381508910850
5310043186746368299
5310087764211934268
5309950862129373154
5310138479185766056
5307927052064661290
5309765955197346966
5309951575093944431
5310187132575293948
5307665153548887071
5307918028338373072
5309823928665906830
5309841550916723083
5309982309879914491
5310303620678295562
5309867874771281611
5307920291786136880
5307622216760829049
5310208912354451202
5309903312546440469
5307895475465101476
5309921359999017401
5310047632037519305
5310132470526516825
5310177395884433176
5310200249405414877
5307587199892463789
5307567520352313707
5309743982144658868
5310020955995643221
5309945489125286168
5310009033166430280
5310289893962818190
5309817520574702306
5310017395467755892
5310118464638166528
5309959636747559945
5310074273719656634
5309921789495746826
5307566764438070148
5310181703736631956
5310084710490186534
5307533560045905098
5307895260716737997
5310057750980470255
5307660085487476897
5310010944426876096
5310179749526511981
5309960010409713039
5307759320706851177
5309970464360113329
5309809875532914585
5309943973001836765
5309934313620381833
5310204484243169238
5309908896003924427
5309895113453871194
5310254426122886874
5310109329242727131