5310189834109723751
5310022141406618491
5309753967943623168
5309799863964148964
5310200683197113829
5309876713813975281
5309814518392561258
5310298423767867509
5310187678036140099
5310259700342726564
5310103277633807415
5309791798015565786
5310125023053226080
5310212245249073182
5310145565881804602
5309749157580251619
5309853383551624043
5307659359638003185
5310177206905871125
5310269312479535892
5309927252694146512
5310037598993915928
5310226809483174518
5307745271868825546
5307631794537896886
5310239505406501117
5310220775054138538
5310304161844176658
5310100434365458874
5310216127899508569
5308018547752968070
5307808081470561305
5310180574160232605
5309844106422265427
5310180183318210080
5309748131083068084
5307968580103448281
5309747890564899518
5307578081676894009
5307662640993018447
5310117017234186694
5310102229661785141
5310302838994247352
5310054731618459850
5310063192704032657
5310064017337754235
5309922171747837048
5307561558937706332
5310197384662229096
5309841568096592690
5310278769997521297
5307536145616216016
5307613717020549664
5307949695132245170
5310008388921336228
5310246347289403401
5308026824154947373
5310206915194659069
5310266739794125250
5309945106873196453