5309756897111320716
5309752971511210195
5309952769094853509
5310185371638703012
5309782739929539084
5310050763068678802
5309790702798909708
5310214439977362026
5309902552337227691
5309960491446050952
5309775996830885146
5310166164544953580
5310177700827112068
5310153296822936537
5307531953728136639
5310221870270783684
5309814234924720228
5307576724467229283
5309779153631846253
5310126165514527359
5309949590819054429
5309964021909168236
5309987927697138322
5309948959458862013
5310138955927134981
5310220491586281976
5310168797359906991
5310248576377430937
5309926410880557121
5310036740000454995
5310033411400802947
5309885114770006974
5310077671038786852
5309949388955590759
5309961857245651043
5307741316203945709
5310083615273525335
5310107370737639454
5308039846495789017
5309953851426612310
5310027737749005015
5310288150206096477
5307995161656041086
5310215943215915801
5309870073794536694
5307747453712214286
5309994739515269287
5309831131326063214
5307499316271652990
5307666600952865449
5309991853297246731
5310017026100567129
5310292028561562329
5310017477072133501
5307947045137424376
5309953013907989012
5309943547800068935
5309825754027007162
5310216724899963009
5310136726839108874