5309819496259658236
5309819912871486019
5309825126961783005
5310224228207829629
5310029322591936402
5310139351064126615
5307594050365300425
5309793558952157298
5309905704843223044
5309919418673799977
5310172314938121558
5310072650222018443
5309835271674536923
5310202362529324858
5310121187647431699
5310135773356367148
5310112284180225462
5309953172821778204
5310281729229987923
5309937324392456563
5307875482392338294
5309783397059534591
5310045871100928395
5309848878130932501
5310273465712910770
5309799215424086522
5309848856656094127
5310243512610988603
5310026122841299989
5307853260231548874
5307935096538406136
5310247313657044085
5310030976154344197
5310297182522318821
5309956239428427543
5310192011658143387
5310141150655421681
5310023558745824590
5310009166310416851
5310238058002522655
5310089787141530193
5310255821987258519
5310152162951570878
5310093373439222303
5310285173793759347
5309825294465507529
5310105025685496758
5310084852224106250
5307608919542079617
5307809034953302294
5307935650589188321
5310138346041777823
5309780944633209567
5307949166851268033
5310011700341120817
5310073015294238767
5310123292181406868
5308042191547933246
5307906900078109225
5310214779279780251