5307994173813563282
5309964636089491804
5309766247255121961
5309957154256462312
5307973712589364746
5309904381993296926
5310080832134717108
5309976047817597206
5309767110543548499
5310089920285516026
5307627774448509353
5309827063992033919
5309876945742209066
5310171825311850552
5310204982459375248
5310212447112536025
5309867685792719651
5307843557900428058
5310095654066857272
5310069802658700535
5309988967079223214
5309961702626829768
5307785060445856073
5309862536126932509
5307948252023234484
5310178018654693117
5310004927177705898
5310230503155047994
5310235773079920648
5309981279087764603
5309790251827338845
5310215294675854701
5310120886999721743
5309767260867406081
5309893910863029156
5309849797253931160
5310117360831570718
5309923941274362162
5309844991185527524
5310190942211286925
5310176360797315676
5307496223895198657
5307870096503348820
5310175261285688025
5309811310051992055
5310087742737098097
5310046395086939712
5309915196720947577
5309840258131567429
5309796539659460701
5308053057815192442
5310293475965542346
5310272525115073465
5307953101041313829
5309949290171343829
5309845656905457339
5309913431489389402
5309956243723396535
5310112400144344142
5307848222234911024