5310103363533152582
5309964666154261806
5309866942763376799
5307597855706325181
5309852881040450285
5309876958627110936
5310213696948019546
5307611758515462894
5310112236935586711
5307801639019618877
5309925921254286275
5310033166587666307
5309902264574419025
5309916450851398721
5309827897215689354
5309840060563071099
5309878938607034623
5310047069396802550
5307911156390699793
5309924469555339724
5309970253906716332
5309824766184530001
5310001757491831196
5307632245509464771
5307503332066075112
5309797909754028592
5309904326158720706
5308014892735799695
5310301700827913433
5310182614269699552
5309965808615563847
5309785604672726124
5309927351478396060
5309870503291264709
5309967664041434401
5310250517702648485
5309963961779626824
5310115887657788381
5309854616207237258
5308030071150223278
5307498921134662501
5309767930882302095
5310087459269254717
5307543524370030272
5307664646742745893
5310032844465119217
5310129210646340333
5310295945571737570
5310029618944681638
5310123206282060357
5307870959791775672
5310043431559503419
5310111261978010209
5309914191698599776
5310067410361918995
5309918490960864356
5310291169568104368
5309796642738676221
5309895487116025018
5310027935317499299