5305255642536093266
5307988633305751236
5307660888646360845
5308036835723717054
5305482300845203855
5307620606148093278
5305565687635256764
5305345055165260592
5305241357474866507
5307802373459025203
5305742064762233680
5307509130271924543
5307878390085196448
5307893181952588259
5307584927854764544
5307699732330587188
5307986941088635965
5308002695028678280
5305450707065775444
5305499837196674228
5308007552636691511
5307991682732531913
5305782665088082136
5307667631745014677
5305300009548259780
5307967012440384240
5308027734688014837
5305350161881376791
5305249539387565368
5307897601473912723
5307494982649651354
5307951335809752715
5307594990963138015
5305770866812920693
5308045575982162983
5307584906379928982
5307580293585052641
5308012182611435770
5307592748990212019
5307636231239114289
5305414530556240253
5307755416581579562
5307695712241197001
5307977071253790255
5307719390395900100
5305461130951403354
5305761791547024766
5307862503001170437
5307511054417273046
5307852345403513465
5305400434473574417
5308011808949281816
5307562005614305051
5307764307163882406
5307995427944012460
5307689012092214902
5307922276061029709
5305448679841211527
5308053667700547979
5307942093040132516