5310228553239896495
5309953817066874242
5310206142100546383
5310231950559027212
5310117820393071200
5310269565882605575
5310113418051594644
5310250397443563754
5309901199422529273
5310214749215006705
5310075905807229079
5310005382444229539
5309843698400370757
5310222200983266431
5310081008228377948
5309774558016839678
5310029318296969637
5309809128208604110
5308006560499245309
5309934494009008709
5307694861837673926
5309989323561509370
5309766174240678414
5309880467615391849
5309899223737574080
5310000640800334114
5309848676267467158
5309947821292528146
5307764264214209707
5309995267796246499
5309933746684699841
5309926844672254198
5309825676717596635
5310195688150147692
5309963137145905812
5309996994373100355
5310028244555145632
5309937135413896356
5307610598874292207
5310114869750538455
5309826020314981364
5310062982250635370
5310238242686115687
5309903591719312174
5310011528542430791
5309824641630479221
5310154722752078636
5310101533877084337
5309800740137476961
5310132139814036491
5307657341003374817
5309889783399458085
5310077980276432223
5310068574298054971
5310253468345180233
5307580250635380127
5309819440425083601
5307912066923764966
5307879128819572417
5310271610287039001