5310241884818382080
5309884139812430353
5310278611083731307
5309966938191962854
5310285169498793592
5310138449120995497
5309982571872920066
5309946777615473571
5309874673704508903
5310029305412067133
5309811636469506922
5308025187772408448
5309930057307791692
5310003840550970588
5309790449395835025
5310219744261970797
5310014943041430425
5309817499099866488
5310293256922210900
5310209324671312385
5309986098041071350
5309837401978315469
5308033498534125988
5309938436788987249
5309859761578057721
5309933493281627826
5309925358613570560
5309950454107479388
5310154516593648550
5309779235236224990
5310294558297301909
5307731519383543535
5310281785064562651
5309892746926891001
5307712252160254304
5307644726684426493
5307562327736852893
5309983503880823476
5309793120865493078
5310173989975367456
5309950819179699032
5310267109161312787
5309938535573234547
5307914536529961499
5307862090684309902
5310156101436579819
5310173036492627681
5310048130253726659
5310071666674507538
5307901819131799920
5307940864679485335
5309770263049542386
5310012069708307817
5310273684756242689
5309837715510927934
5309977654135365582
5310255310886150843
5308017714529311930
5310296606996702727
5309756304405831910