5309926324981212753
5310197711079745225
5310122467547686174
5309904193014733558
5309820230699065521
5309762652367495209
5307641677257646212
5307713334492012396
5309970112172793022
5310014483479928875
5310150947475824148
5309999970785435884
5310177816791228542
5310079848587207164
5309908187334321509
5309833746961147082
5307989101457187316
5309992639276261321
5309930813222035902
5310264888663221212
5307835869908968070
5309844806501932878
5309853216047899631
5309903540179706326
5310022953155436766
5310230932651778184
5309836242337145461
5309762416144294401
5310050758773710627
5310167637718738187
5307952027299488297
5310253768992892870
5309745128900927284
5309834782048264424
5309782327612678166
5307807493060062383
5309848105036816872
5307878849646699623
5309926741593039406
5310303689397773150
5307613068480487091
5310143512887435302
5310058515484648020
5309898265959867399
5307607570922348282
5310200116261430450
5309878620779454540
5310146377630622113
5309922919072145497
5310146635328658580
5309829177115944834
5310003406759273171
5310111931992908592
5307862520181040045
5307781633061953870
5310202040406778577
5310039570383905240
5309932587043528277
5309880300111667938
5310014075458035829