5307903945140609242
5310256461937384551
5310010347426422942
5307722186419609384
5310300184704459407
5309777989695708903
5309890659572788358
5309920307732029634
5310282712777499133
5307790021133082933
5310285607585455878
5309969424978028046
5310126586421322441
5309792803037912637
5310102581849104951
5307975409101446894
5307672661151719174
5310054418085846124
5310028390584032767
5310251050278591857
5309803364362494190
5310284808721538196
5310174715824841569
5310209251656870577
5310213108537499184
5309914994857483894
5309865495359398449
5309931453172162853
5310036679870914956
5310174028630072849
5308036724054564273
5310075566504813068
5307614511589499236
5309794542499668314
5310182889147604901
5310138251552496696
5310235734425214867
5310115148923410876
5310125366650610040
5310100103652973978
5307575169689067735
5310031066348661282
5309912387812337096
5310284065692196814
5310082004660788614
5310020981765447809
5310287780838907342
5310167401495536549
5309951210021724147
5310099545307226525
5310239763104538671
5309985934832312454
5310073165618094921
5310107048615092309
5310102294086297101
5310166624106455923
5310043040717481606
5309799425877483331
5309788709934081243
5309840318261110142