5307889698734088476
5310118425983459044
5309876275727310573
5307718028891268054
5307937394345910573
5307836239276155440
5310245110338822322
5310107417982279540
5310245136108625790
5309924022878740416
5310199764074111192
5307748926885994992
5310108955580572603
5310108753717108589
5309949762617745553
5309871100291719515
5309771869367311790
5309786450781283177
5310020994650349131
5310269982494432290
5310003127586398688
5310193476241990036
5310141618806857017
5309890230076055708
5309758821256667322
5309864421617573988
5310107924788423356
5310136894342832321
5307840194941034146
5309903428510556279
5307994281187746375
5310054688668787049
5310185925689483244
5310049951319860369
5307793096329665838
5310007345244283305
5309813594974593323
5309840988276007090
5310131074662146417
5310230700723545041
5310002234233199950
5310270317501883949
5310074067561227408
5310036460827582546
5310112885475648387
5309849745714323002
5307905598703018347
5307805714943582152
5310151153634254735
5309818675920903494
5307566824567611531
5309942078921252146
5309768287364587008
5309927823924797673
5309987459545702722
5307692456655987655
5307571858269281697
5307828151852736730
5310254447597724323
5307838391054769546