5310117828983005703
5310247652959460660
5310059408837846402
5309849986232493178
5309814625766744433
5310045055057142685
5309930027243021373
5310282120072012084
5309870593485578693
5310099523832389871
5309944582887185793
5309790694208969869
5307955214165221683
5310045626287792469
5310266988902227162
5310304402362342415
5307931085038952642
5310070923645164832
5309815527709876592
5310129717452481754
5309789311229500919
5307536373249484274
5310305428859527025
5310278542364254555
5307585632229401054
5310221754306666671
5310134089729187628
5310280101437382580
5309871731651912130
5309990272749280305
5309930843286805672
5309750768192987602
5309833661061799710
5309843311853313357
5309810287849775972
5310115071614001041
5307647715981664529
5310216398482448128
5310061513371819530
5307557603272827555
5310061663695675542
5310219508038770282
5309962754893816553
5310050634219658808
5307834547059039955
5310115587010077073
5309850742146736250
5310202053291680583
5309788593969963773
5310295249787035214
5309905631828778238
5310072001681957917
5310182962162048933
5308043767800929807
5308019273602441658
5310025083459216450
5310257930816200123
5309834249472319575
5310248804010696558
5309824757594597289