5310028875915339147
5309959417704226080
5310059511917059765
5310207237317206894
5309969867359657760
5310070197795691804
5309881691681070440
5310018847166701163
5310210948168949350
5310156402084290995
5309805700824703367
5310293385771230474
5310030946089573768
5310268148543398010
5310298853264597138
5309891299522912799
5310066405339570257
5309971662655987911
5310122450367815813
5307531601540816807
5310104432980010903
5307872694958563837
5307558470856221243
5307834508404335374
5310237357922852218
5309753959353688399
5309869515448786809
5309962205138001923
5309824461241852260
5309970971166253558
5310179062331744002
5309782589605684101
5309867084497296662
5307555923940613903
5307967313088094871
5309767050414007983
5310052889077489445
5307791034745363912
5309980063612019187
5309822515621667883
5309899567334956817
5309858292699243872
5310222548875616573
5309836873697336354
5310164223219737072
5309785261075340667
5310212799299855174
5310154353384890924
5309900443508287011
5310270068393779410
5310078886514532765
5307932274744893258
5307582608572424294
5310035455805235734
5310098192392527586
5307856936723555104
5309871431004199822
5309909531659083825
5310088567370817917
5309969360553517558