5309777976810807308
5310245054504246983
5309932028697780470
5309789470143290951
5307725948810960565
5307727104157162525
5309951575093944363
5310275862304661921
5310240299975450650
5309955754097123123
5309787713501667299
5309762089726779665
5310167788042591524
5310090899538061158
5310241704429757358
5307552054175081641
5307896480487449006
5310305957140503749
5310104020663149058
5307874893981819280
5309787554587877889
5307749386447495340
5308002832467633030
5309855840272917878
5309992115290252532
5310234235481628352
5310063536301417455
5310050737298873506
5307678120055153739
5310149993993085840
5309857807367938755
5310079251586752548
5310288536753152888
5310223562487899299
5309941937187333706
5309759791919276884
5307618823736663975
5310097518082663944
5310131529928680680
5310212786414952781
5310248374513967074
5310048306347385277
5310044273373095536
5309849359167265996
5309898201535357151
5309891200738665282
5309893395466953457
5307967566491164302
5309948302328865535
5307579872678256507
5310182425291137376
5307636106685063125
5310230808097726142
5310279852329279831
5309943784023270538
5309759474091696029
5308004928411672859
5309851085744119753
5309919504573144574
5309859400800805357