5309763627325071483
5309984985644540022
5309925861124743290
5309943985886732945
5309817447560257773
5310272082733441928
5310196121941845118
5309857373576241495
5309858550397281493
5307539298122211035
5310190478354818323
5310189438972730431
5310088176528794101
5307545354026099882
5307589630843953200
5309919521753014703
5310204175005524547
5310144127067759413
5310176957797768921
5309809587770105348
5309761514201161619
5310201860018151524
5309833192910365233
5309976984120467864
5309877151900639942
5309860989938704079
5309804798881570306
5309758563558630613
5307957159785407192
5309967616796795515
5310246046641694089
5310004098249006929
5309963351894269843
5309957777026721513
5309876735288812173
5310114208325574990
5309859495290085141
5310299299941195559
5310170519641791516
5309878191282725273
5310034360588575303
5310043281235648220
5310009342404076681
5309909574608757367
5310020453484471451
5309745545512754814
5310069918622818528
5310202624522331842
5309795410083062048
5310017850734288973
5307967854253973843
5310015926588940247
5310235605576196368
5310216909583557482
5310033535954854062
5307937707878525806
5310010356016358086
5307539547230315654
5310048014289608027
5307660497804337108