5309971692720759850
5310142718318484798
5307595506359213890
5309899550155088139
5310229562557210096
5309783684822344600
5309842813637106572
5309783044872216105
5309772921634300459
5310245771763785537
5310004334472208194
5309951935871197514
5309826544300991060
5310082343963206051
5307959199894871785
5310283034900045903
5309967449293070635
5307679245336583899
5309975635500736942
5310126028075573051
5310296611291667805
5310012129837850970
5310221058521964765
5309899528680252029
5310116841140527141
5307870040668773988
5307820678609640975
5310180797498531846
5310181222700293867
5309856003481674533
5309784037009663121
5310010892887268668
5310042220378728108
5307885098824114731
5310075132713115846
5309900804285538804
5309805666464964117
5309999627188050853
5310013736155620404
5309977460861837049
5307982126430300722
5309950007430882216
5309751141855142658
5309971194504552325
5310190027383251161
5310268517910585081
5310196413999621036
5309810459648466252
5310300588431385292
5310191534916773482
5310007688841666241
5307943317105811054
5310105403642617908
5310218004800216667
5309993657183511215
5309986969919430113
5310290619812290887
5307953693746798526
5309831307419721903
5310212464292404809