5309788048509116549
5310147863689305804
5308011220538761251
5309821471944615084
5310204518602907364
5308032497806746026
5309819247151554064
5307742239621915673
5310045179611193610
5310250470458006951
5310160452238451027
5309819603633839436
5310257389650323263
5310243937812748995
5310225220345274786
5309875356604310529
5310155285392794489
5309872324357398232
5309845712740032760
5310076824930230174
5310149315388251814
5310069764003998051
5310249074593635697
5310193532076564989
5309837784230403847
5310122188374810402
5309784737089331223
5309873453933800298
5309849831613671048
5309969807230115044
5310225980554486384
5309901706228670911
5307555069242122599
5310104720742818217
5310194120487084643
5307850399783331555
5307763134637808903
5309972362735657996
5310069364572037698
5309746808233140539
5309935194088677188
5310083147122091054
5307777900735372601
5307758500368097822
5310116304269614577
5310217618253160392
5310024005422425088
5310022283140537234
5310093296129811450
5310284675577551886
5309917735046619786
5309906336203413763
5307641642897907606
5310200670312210502
5309799412992581258
5310165988451296081
5310183808270607318
5307702609958674476
5308000470235619676
5310122562036964616